0 86 25
0 86 88
0 86 87
0 87 87
0 85 87
0 87 88
0 85 89
0 84 89
0 83 91
0 82 93
0 81 94
0 80 95
0 80 96
0 79 97
0 78 98
0 78 99
0 76 98
0 75 98
0 75 97
0 74 97
0 73 96
0 72 95
0 72 93
0 72 92
0 72 90
0 72 89
0 72 88
0 72 87
0 72 86
0 72 84
0 72 83
0 72 82
0 72 81
0 72 80
0 72 79
0 72 78
0 72 77
0 72 76
0 72 75
0 72 74
0 72 73
0 72 72
0 72 71
0 72 70
0 72 69
0 72 68
0 72 67
0 72 66
0 72 65
0 72 64
0 72 63
0 72 62
0 72 61
0 72 60
0 72 59
0 72 58
0 72 57
0 72 56
0 72 55
0 72 54
0 72 53
0 72 52
0 72 51
0 72 50
0 72 49
0 72 48
0 72 47
0 72 46
0 71 45
0 71 44
0 71 43
0 71 42
0 71 41
0 71 40
0 71 39
0 71 38
0 71 37
0 71 36
0 71 35
0 72 34
0 72 33
0 73 33
0 73 32
0 74 30
0 75 30
0 75 29
0 76 29
0 76 28
0 77 28
0 77 27
0 78 27
0 78 26
0 79 25
0 80 24
0 82 23
0 83 23
0 83 22
0 84 21
0 85 20
0 86 20
0 86 19
0 86 18
0 86 17
0 87 17
0 87 16
0 87 15
0 87 14
0 87 13
0 87 12
0 87 11
0 88 11
0 89 10
0 89 9
0 90 9
0 91 9
0 93 13
0 95 14
0 98 14
0 101 14
0 104 14
0 107 14
0 110 14
0 113 14
0 116 14
0 119 14
0 122 14
0 125 14
0 128 14
0 131 14
0 134 14
0 136 15
0 137 17
0 137 19
0 137 20
0 138 22
0 138 25
0 133 26
0 131 26
0 129 27
0 125 29
0 126 32
0 125 34
0 124 37
0 119 38
0 116 39
0 113 39
0 111 39
0 107 40
0 107 43
0 106 45
0 106 47
0 106 50
0 108 52
0 110 52
0 111 52
0 112 53
0 113 53
0 113 54
0 115 54
0 116 54
0 116 53
0 116 52
0 117 51
0 117 50
0 117 49
0 118 49
0 119 48
0 121 47
0 122 47
0 123 46
0 124 46
0 125 45
0 126 45
0 127 45
0 127 46
0 128 46
0 129 47
0 130 47
0 130 48
0 132 49
0 133 49
0 134 50
0 135 50
0 135 51
0 135 52
0 135 55
0 135 56
0 135 57
0 135 58
0 136 58
0 137 58
0 137 59
0 138 60
0 139 60
0 139 61
0 140 61
0 140 62
0 141 62
0 141 61
0 143 60
0 144 59
0 145 59
0 146 58
0 147 58
0 147 57
0 149 56
0 150 56
0 150 55
0 152 54
0 153 54
0 153 53
0 154 53
0 155 52
0 156 52
0 157 52
0 158 52
0 159 52
0 160 52
0 161 52
0 162 52
0 162 53
0 162 54
0 162 55
0 162 56
0 162 57
0 162 58
0 162 59
0 163 60
0 163 61
0 164 62
0 165 62
0 166 62
0 167 62
0 168 62
0 169 62
0 170 62
0 171 62
0 172 62
0 173 62
0 174 62
0 175 62
0 176 62
0 177 62
0 178 62
0 179 61
0 179 60
0 180 60
0 180 59
0 181 59
0 181 58
0 182 58
0 182 57
0 181 56
0 181 55
0 181 54
0 180 53
0 180 52
0 179 51
0 178 50
0 177 49
0 176 47
0 176 46
0 175 45
0 176 44
0 176 43
0 177 43
0 177 42
0 178 42
0 178 41
0 179 41
0 180 42
0 180 43
0 182 44
0 183 44
0 184 44
0 184 42
0 183 42
0 185 41
0 185 40
0 185 39
0 186 39
0 186 38
0 186 37
0 184 36
0 183 36
0 182 36
0 185 34
0 186 34
0 187 34
0 188 34
0 189 34
0 190 33
0 191 32
0 191 31
0 190 30
0 190 29
0 191 28
0 191 27
0 191 26
0 193 25
0 192 23
0 192 22
0 190 23
0 192 26
0 193 24
0 194 23
0 194 22
0 193 21
0 193 20
0 192 19
0 192 18
0 192 17
0 191 16
0 191 13
0 188 12
0 192 13
0 193 13
0 194 13
0 195 12
0 196 12
0 197 12
0 198 12
0 199 13
0 200 13
0 201 13
0 202 13
0 205 15
0 203 17
0 205 20
0 205 23
0 204 26
0 206 25
0 205 29
0 206 29
0 207 30
0 208 30
0 209 31
0 210 31
0 211 32
0 212 32
0 212 34
0 213 35
0 213 36
0 214 37
0 214 38
0 214 39
0 215 40
0 215 41
0 215 42
0 216 43
0 216 44
0 216 45
0 217 46
0 217 47
0 217 48
0 218 48
0 220 49
0 221 49
0 222 48
0 223 48
0 224 48
0 225 48
0 226 48
0 228 48
0 230 48
0 232 48
0 234 47
0 236 46
0 238 45
0 240 44
0 242 43
0 244 42
0 245 40
0 244 40
0 244 38
0 244 37
0 244 36
0 244 35
0 244 34
0 243 38
0 242 38
0 241 38
0 241 39
0 241 40
0 242 41
0 242 42
0 243 44
0 243 45
0 243 46
0 243 47
0 243 48
0 243 49
0 243 50
0 243 51
0 243 52
0 243 53
0 243 54
0 243 55
0 242 57
0 240 60
2 100 100
2 96 106
2 95 108
2 94 110
2 92 110
2 91 110
2 90 110
2 89 110
2 88 111
2 87 111
2 86 111
2 85 112
2 84 112
2 83 112
2 82 111
2 81 111
2 80 111
2 79 110
2 78 110
2 77 110
2 76 109
2 75 109
2 74 109
2 73 108
2 72 108
2 71 108
2 70 107
2 69 109
2 69 110
2 69 111
2 69 112
2 69 113
2 69 114
2 69 115
2 69 116
2 69 117
2 69 118
2 69 119
2 69 120
2 69 121
2 69 122
2 69 123
2 69 124
2 69 126
2 69 128
2 69 131
2 69 133
2 69 136
2 70 138
2 70 140
2 71 141
2 71 142
2 70 143
2 70 145
2 71 146
2 72 145
2 73 145
2 73 144
2 74 144
2 76 143
2 77 142
2 78 142
2 79 141
2 80 140
2 79 138
2 80 136
2 80 135
2 80 134
2 80 133
2 80 132
2 81 132
2 82 132
2 83 133
2 84 133
2 85 134
2 86 134
2 86 135
2 88 135
2 89 134
2 89 133
2 89 132
2 89 130
2 89 129
2 89 128
2 88 127
2 88 126
2 88 125
2 87 124
2 88 123
2 89 123
2 89 122
2 90 121
2 91 121
2 92 121
2 93 121
2 94 121
2 95 121
2 96 121
2 97 121
2 98 121
2 99 121
2 100 121
2 101 121
2 102 121
2 103 121
2 103 122
2 104 122
2 105 122
2 106 123
2 107 123
2 108 124
2 109 124
2 109 125
2 110 126
2 110 127
2 109 128
2 109 129
2 111 128
2 112 128
2 113 127
2 114 127
2 116 126
2 117 125
2 116 125
2 118 124
2 119 123
2 120 123
2 121 123
2 123 122
2 124 121
2 127 120
2 129 119
2 130 120
2 131 121
2 132 121
2 132 123
2 133 123
2 133 124
2 133 126
2 134 128
2 134 130
2 134 132
2 134 133
2 135 134
2 135 135
2 135 136
2 135 137
2 135 139
2 136 140
2 136 141
2 136 142
2 136 144
2 137 145
2 137 146
2 137 147
2 138 148
2 138 150
2 139 151
2 139 152
2 139 153
2 139 155
2 139 157
2 139 159
2 139 160
2 140 161
2 140 162
2 142 161
2 143 160
2 144 160
2 145 160
2 146 160
2 146 159
2 147 159
2 148 159
2 149 159
2 150 159
2 151 159
2 152 159
2 153 160
2 154 160
2 155 160
2 156 161
2 157 161
2 158 162
2 159 163
2 160 163
2 161 164
2 162 164
2 163 165
2 162 168
2 162 170
2 163 172
2 162 175
2 162 177
2 162 180
2 162 183
2 162 186
2 162 189
2 162 191
2 164 191
2 166 192
2 167 192
2 168 193
2 168 195
2 170 195
2 170 196
2 171 195
2 172 196
2 172 197
2 173 197
2 174 197
2 175 196
2 176 196
2 177 195
2 178 195
2 178 194
2 179 194
2 179 193
2 180 193
2 181 192
2 182 192
2 182 191
2 181 189
2 180 189
2 179 189
2 179 188
2 178 187
2 177 187
2 176 186
2 176 184
2 176 183
2 176 182
2 176 181
2 174 178
2 173 178
2 174 179
2 174 181
2 178 185
2 179 190
2 177 194
2 171 199
2 169 202
2 167 205
2 162 206
2 160 209
2 157 210
2 154 212
2 152 213
2 147 214
2 145 217
2 146 219
2 145 223
2 145 225
2 145 228
2 145 230
2 145 233
2 145 236
2 145 239
2 145 242
2 144 244
2 144 246
2 145 244
2 146 244
2 146 243
2 147 244
2 148 245
2 149 245
2 149 246
2 151 246
2 152 246
2 152 245
2 154 245
2 155 245
2 155 246
2 157 246
2 157 247
2 158 246
2 159 245
2 161 245
2 161 246
2 163 246
2 163 247
2 164 246
2 165 245
2 166 244
2 166 243
2 166 242
2 167 242
2 167 241
2 167 240
2 168 239
2 168 238
2 167 237
2 167 236
2 166 235
2 165 235
2 163 236
2 165 238
2 162 239
2 161 240
2 161 239
2 160 240
2 159 240
2 158 241
2 157 241
2 156 242
2 155 242
2 154 243
2 153 243
2 152 243
2 151 243
2 149 243
2 147 243
2 145 243
2 144 243
2 142 243
2 141 243
2 138 244
2 132 246
2 128 245
2 125 244
2 121 244
2 117 244
2 113 245
2 109 245
2 107 245
2 104 245
2 101 244
2 102 243
2 103 241
2 103 240
2 103 239
2 105 239
2 106 238
2 107 239
2 108 239
2 108 240
2 109 240
2 109 241
2 108 243
2 109 243
2 111 242
2 112 241
2 112 239
2 113 239
2 112 237
2 112 236
2 112 235
2 112 234
2 111 233
2 111 232
2 110 231
2 109 230
2 108 229
2 107 228
2 106 227
2 105 226
2 104 225
2 103 224
2 103 223
2 103 222
2 103 221
2 103 220
2 103 219
2 103 218
2 103 217
2 103 216
2 104 216
2 105 217
2 106 217
2 107 217
2 108 217
2 107 219
2 107 220
2 108 222
2 110 221
2 111 220
2 110 219
2 109 218
2 108 218
2 105 216
2 104 215
2 103 215
2 102 213
2 101 212
2 101 211
2 101 210
2 101 207
2 100 206
2 99 205
2 97 204
2 98 203
2 100 203
2 101 202
2 101 201
2 103 200
2 104 200
2 105 199
2 106 198
2 107 198
2 107 197
4 100 100
4 95 100
4 94 101
4 93 100
4 92 99
4 91 98
4 90 98
4 88 98
4 86 99
4 84 98
4 81 99
4 80 101
4 82 103
4 81 105
4 81 108
4 82 111
4 82 113
4 82 115
4 83 116
4 84 116
4 84 117
4 84 118
4 85 119
4 85 120
4 85 121
4 85 122
4 85 124
4 85 127
4 85 130
4 85 132
4 86 134
4 87 134
4 87 135
4 88 136
4 89 137
4 90 138
4 91 138
4 92 138
4 94 137
4 95 137
4 96 137
4 97 137
4 98 136
4 99 136
4 100 136
4 101 136
4 102 137
4 103 136
4 104 136
4 105 136
4 106 135
4 107 135
4 108 134
4 109 135
4 110 135
4 109 136
4 109 137
4 111 138
4 111 137
4 112 137
4 113 138
4 114 138
4 115 138
4 116 138
4 117 138
4 117 137
4 118 137
4 118 136
4 118 135
4 118 134
4 118 133
4 118 132
4 118 130
4 118 129
4 118 128
4 118 127
4 118 126
4 118 125
4 118 124
4 118 123
4 118 122
4 118 121
4 118 120
4 118 119
4 118 118
4 118 117
4 118 116
4 119 115
4 119 114
4 119 113
4 120 113
4 120 112
4 120 111
4 120 110
4 120 109
4 120 108
4 120 107
4 120 106
4 120 105
4 120 104
4 120 103
4 120 102
4 120 101
4 120 100
4 120 99
4 120 98
4 120 97
4 121 97
4 121 95
4 120 93
4 120 92
4 120 91
4 119 90
4 120 90
4 120 89
4 120 88
4 121 87
4 122 88
4 122 87
4 124 87
4 124 88
4 125 88
4 125 89
4 126 89
4 127 89
4 129 89
4 130 88
4 131 88
4 132 88
4 133 87
4 134 87
4 135 87
4 134 90
4 134 91
4 134 93
4 134 94
4 134 95
4 134 96
4 134 97
4 134 98
4 134 99
4 134 100
4 134 101
4 134 103
4 134 104
4 134 105
4 134 106
4 134 108
4 134 109
4 134 110
4 134 111
4 134 112
4 134 113
4 134 114
4 134 115
4 134 116
4 134 117
4 134 118
4 132 123
4 130 126
4 129 129
4 128 132
4 130 132
4 130 133
4 130 136
4 133 135
4 134 135
4 130 53
4 135 53
4 135 51
4 135 50
4 135 49
4 135 48
4 135 47
4 135 46
4 135 45
4 135 44
4 135 43
4 135 42
4 135 41
4 133 39
4 133 38
4 132 37
4 130 37
4 129 36
4 128 36
4 125 36
4 122 36
4 117 40
4 121 43
4 117 43
4 113 47
4 112 48
4 111 47
4 110 52
4 109 54
4 108 57
4 108 60
4 104 60
4 30 30
4 27 34
4 27 35
4 28 35
4 28 36
4 29 35
4 29 37
4 30 37
4 29 39
4 26 40
4 24 41
4 21 41
4 19 40
4 19 44
4 19 46
4 19 47
4 19 48
4 19 49
4 19 50
4 19 51
4 19 52
4 18 54
4 18 56
4 15 56
4 13 57
4 11 57
4 10 57
4 9 57
4 8 57
4 7 57
4 7 56
4 6 55
4 5 54
4 6 52
4 5 53
4 5 52
4 6 51
4 6 50
4 6 48
4 6 47
4 7 46
4 6 45
4 6 44
4 6 43
4 6 42
4 6 41
4 7 40
4 6 39
4 6 38
4 5 38
4 7 35
4 12 37
4 12 35
4 11 35
4 10 34
4 9 34
4 9 33
4 8 33
4 9 32
4 9 30
4 9 29
4 9 28
4 9 27
4 9 26
4 9 25
4 9 24
4 9 23
4 10 23
4 11 22
4 11 21
4 11 20
4 11 19
4 11 18
4 12 16
4 11 15
4 12 14
4 11 14
4 11 13
4 11 12
4 11 11
4 11 10
4 11 9
4 11 8
4 12 8
4 14 9
4 15 9
4 16 9
4 16 10
4 16 11
4 14 8
4 9 7
4 7 6
4 8 85
4 7 87
4 8 87
4 9 87
4 10 87
4 12 86
4 12 87
4 14 87
4 15 88
4 16 88
4 18 88
4 19 88
4 20 88
4 21 88
4 22 88
4 23 88
4 24 88
4 25 88
4 26 88
4 27 88
4 28 88
4 29 88
4 30 88
4 31 88
4 32 88
4 33 88
4 34 88
4 35 88
4 36 88
4 37 88
4 38 88
4 39 88
4 40 88
4 41 88
4 42 88
4 43 88
4 44 88
4 45 88
4 46 88
4 49 89
4 50 90
4 50 93
4 52 95
4 53 96
4 54 98
4 55 99
4 55 100
4 54 100
4 53 100
4 51 100
4 50 100
4 48 100
4 47 100
4 46 100
4 45 100
4 44 100
4 43 100
4 44 99
4 40 99
4 38 99
4 37 98
4 35 99
4 32 99
4 29 99
4 26 99
4 23 100
4 23 102
4 23 104
4 23 105
4 24 106
7 100 100
7 100 103
7 100 104
7 99 104
7 100 107
7 100 109
7 100 110
7 100 111
7 100 112
7 100 113
7 100 114
7 103 111
7 105 111
7 107 110
7 108 108
7 109 108
7 110 108
7 111 106
7 111 105
7 112 105
7 113 104
7 113 103
7 114 102
7 115 101
7 115 100
7 116 99
7 116 98
7 116 96
7 116 95
7 116 94
7 116 93
7 115 91
7 116 90
7 117 89
7 117 88
7 116 86
7 116 85
7 115 84
7 114 82
7 114 81
7 113 80
7 112 78
7 112 77
7 112 76
7 112 74
7 113 73
7 114 72
7 115 71
7 116 71
7 117 71
7 118 71
7 120 73
7 121 73
7 122 74
7 125 75
7 127 76
7 128 77
7 129 77
7 130 77
7 132 76
7 133 76
7 136 75
7 138 75
7 138 71
7 139 69
7 139 67
7 140 66
7 140 65
7 141 64
7 141 63
7 142 62
7 142 61
7 142 60
7 145 61
7 147 61
7 148 61
7 149 60
7 152 59
7 155 58
7 156 59
7 157 59
7 158 59
7 159 59
7 161 60
7 162 60
7 163 61
7 164 61
7 164 62
7 166 63
7 166 62
7 168 64
7 168 65
7 169 66
7 166 67
7 167 65
7 165 65
7 165 64
7 165 63
7 167 62
7 167 63
7 169 65
7 168 62
7 172 59
7 172 58
7 173 57
7 173 56
7 174 55
7 175 54
7 178 55
7 177 58
7 178 59
7 179 59
7 179 60
7 181 59
7 182 57
7 183 57
7 183 56
7 184 54
7 184 53
7 182 53
7 182 52
7 182 51
7 184 51
7 184 50
7 185 50
7 186 50
7 187 50
7 188 50
7 189 50
7 190 50
7 190 51
7 191 52
7 192 51
7 193 50
7 194 50
7 195 49
7 196 48
7 194 47
7 194 46
7 193 45
7 196 45
7 198 46
7 201 47
7 203 48
7 204 50
7 205 52
7 206 55
7 206 58
7 205 60
7 207 59
7 208 58
7 209 58
7 207 57
7 205 56
7 207 56
7 208 56
7 209 56
7 210 56
7 210 55
7 209 54
7 208 53
7 210 53
7 212 53
7 213 53
7 211 55
7 208 59
7 207 60
7 207 61
7 208 61
7 209 59
7 209 60
7 210 58
7 211 58
7 212 56
7 213 55
7 214 54
7 215 53
7 215 52
7 217 52
7 218 52
7 218 53
7 218 54
7 217 56
7 219 57
7 220 59
7 220 60
7 219 62
7 219 63
7 216 63
7 214 63
7 212 63
7 209 63
7 210 66
7 212 67
7 215 65
7 217 65
7 221 61
7 222 60
7 223 59
7 224 59
7 224 58
7 225 57
7 226 56
7 226 55
7 228 55
7 228 56
7 228 57
7 229 57
7 230 57
7 230 56
7 231 56
7 232 55
7 232 54
7 231 53
7 231 51
7 230 50
7 230 49
7 230 48
7 231 46
7 228 46
7 232 45
7 233 44
7 234 44
7 235 44
7 235 45
7 235 46
7 236 47
7 236 48
7 237 48
7 238 49
7 240 49
7 241 49
7 242 49
7 243 51
7 243 52
7 243 53
7 241 54
7 242 54
7 242 52
7 241 52
7 240 51
7 238 51
7 238 48
7 239 46
7 236 46
7 237 44
7 236 43
7 238 41
7 239 41
7 239 40
7 240 39
7 241 38
7 242 37
7 241 36
7 239 35
7 237 35
8 100 100
8 98 97
8 93 98
8 91 98
8 94 94
8 94 93
8 94 92
8 94 91
8 92 92
8 91 91
8 91 89
8 91 88
8 90 87
8 90 86
8 89 85
8 88 84
8 90 83
8 89 81
8 90 81
8 89 80
8 94 78
8 93 80
8 95 78
8 96 79
8 99 79
8 100 79
8 101 79
8 101 77
8 100 76
8 100 75
8 100 74
8 99 74
8 99 72
8 100 71
8 101 70
8 103 71
8 104 71
8 105 71
8 106 71
8 107 71
8 107 70
8 108 72
8 110 72
8 111 71
8 112 71
8 112 69
8 112 68
8 111 68
8 111 67
8 111 66
8 111 65
8 112 64
8 112 63
8 112 62
8 112 61
8 111 60
8 111 63
8 111 58
8 110 58
8 109 59
8 107 59
8 107 58
8 108 57
8 109 57
8 110 57
8 111 57
8 111 56
8 109 56
8 107 56
8 105 56
8 105 53
8 106 52
8 106 53
8 107 53
8 109 54
8 110 54
8 111 54
8 112 54
8 112 53
8 111 52
8 110 51
8 111 50
8 112 48
8 112 47
8 112 46
8 112 45
8 112 44
8 112 42
8 110 41
8 108 41
8 106 40
8 103 40
8 103 41
8 101 42
8 101 40
8 101 39
8 99 38
8 99 36
8 98 36
8 94 38
8 91 37
8 88 37
8 87 36
8 84 42
8 84 45
8 84 48
8 82 51
8 82 54
8 79 56
8 79 59
8 76 61
8 75 64
8 73 66
8 70 66
8 68 67
8 66 68
8 64 69
8 61 70
8 61 68
8 58 70
8 56 72
8 56 73
8 54 73
8 53 73
8 51 73
8 52 72
8 50 71
8 49 72
8 48 71
8 47 72
8 46 72
8 45 73
8 43 73
8 43 72
8 42 71
8 39 70
8 38 70
8 37 70
8 34 71
8 32 71
8 28 76
8 27 76
8 25 80
8 25 81
8 21 82
8 19 82
8 17 83
8 17 84
8 16 84
8 16 85
8 15 86
8 15 88
8 14 89
8 14 90
8 14 92
8 13 92
8 13 93
8 14 95
8 14 96
8 13 96
8 13 97
8 14 99
8 13 99
8 14 101
8 14 102
8 15 105
8 16 105
8 17 105
8 19 105
8 20 105
8 22 104
8 23 103
8 23 102
8 23 101
8 24 100
8 25 99
8 27 100
8 28 101
8 29 101
8 30 101
8 30 100
8 30 99
8 31 99
8 30 101
8 31 103
8 29 106
8 30 108
8 30 111
8 30 113
8 30 116
8 30 119
8 29 122
8 27 121
8 26 122
8 25 122
8 24 124
8 22 125
8 20 125
8 18 125
8 21 122
8 19 124
8 19 125
8 17 126
8 16 126
8 17 123
8 17 127
8 18 131
8 18 133
8 19 136
8 18 137
8 18 136
8 17 136
8 18 138
8 19 139
8 19 142
8 19 145
8 19 149
8 17 153
8 18 155
8 19 156
8 18 156
8 19 157
8 20 158
8 20 159
8 21 160
8 21 161
8 21 162
8 22 162
8 22 163
8 24 164
8 24 165
8 24 167
8 24 168
8 25 169
8 25 170
8 25 171
8 26 172
8 27 173
8 27 174
8 27 175
8 28 176
8 29 176
8 29 177
8 29 178
8 30 179
8 30 180
8 32 182
8 32 183
8 33 183
8 34 183
8 35 183
8 36 183
8 37 183
8 38 183
8 39 183
8 39 182
8 39 181
8 40 181
8 40 180
8 40 179
8 41 179
8 42 179
8 43 179
8 44 179
8 45 179
8 47 180
8 48 180
8 50 180
8 51 179
8 55 179
8 58 179
8 60 178
8 64 178
8 67 178
6 60 60
6 55 67
6 52 65
6 48 65
6 44 65
6 39 65
6 36 63
6 29 64
6 25 65
6 23 64
6 19 63
6 20 59
6 19 56
6 14 56
6 8 59
6 10 53
6 14 54
6 14 52
6 17 57
6 18 57
6 21 54
6 22 52
6 22 51
6 23 50
6 24 48
6 24 47
6 25 46
6 27 47
6 27 48
6 28 48
6 29 48
6 30 49
6 31 50
6 32 50
6 33 53
6 39 52
6 40 52
6 40 49
6 42 49
6 43 47
6 44 49
6 45 49
6 46 49
6 45 50
6 55 55
6 54 52
6 54 53
6 55 54
6 58 53
6 57 51
6 58 48
6 60 46
6 60 45
6 59 44
6 59 43
6 58 43
6 57 42
6 57 41
6 57 39
6 57 38
6 56 38
6 57 37
6 56 36
6 51 38
6 50 38
6 49 38
6 48 38
6 47 38
6 47 35
6 45 36
6 44 35
6 42 36
6 42 37
6 42 44
6 55 40
6 51 42
6 51 39
6 51 36
6 52 36
6 51 37
6 52 37
6 54 39
6 55 39
6 55 37
6 55 35
6 55 34
6 55 33
6 54 31
6 53 29
6 49 30
6 47 30
6 42 28
6 39 29
6 40 28
6 39 28
6 37 26
6 35 25
6 34 23
6 32 23
6 36 22
6 37 21
6 37 20
6 37 19
6 37 18
6 36 17
6 36 16
6 35 14
6 31 14
